new outer j:0
NU: 2 NB: 10 n: 2 m_size: 10 inner_n: 5
B
0 1 11 12 22 23 33 34 44 45 55 56 66 67 77 78 88 89 99 100 2 3 13 14 24 25 35 36 46 47 57 58 68 69 79 80 90 91 101 102 4 5 15 16 26 27 37 38 48 49 59 60 70 71 81 82 92 93 103 104 6 7 17 18 28 29 39 40 50 51 61 62 72 73 83 84 94 95 105 106 8 9 19 20 30 31 41 42 52 53 63 64 74 75 85 86 96 97 107 108 
110 111 0 0 0 0 0 0 0 0 0 0 0 0 0 0 0 0 0 0 112 113 0 0 0 0 0 0 0 0 0 0 0 0 0 0 0 0 0 0 114 115 0 0 0 0 0 0 0 0 0 0 0 0 0 0 0 0 0 0 116 117 0 0 0 0 0 0 0 0 0 0 0 0 0 0 0 0 0 0 118 119 0 0 0 0 0 0 0 0 0 0 0 0 0 0 0 0 0 0 
new outer i:0
new outer k:0
new j:0
new i:0
Copy C. From (0,0) to (3,1)
load A: 0, 11, 22, 33
load B: 0 and 1
load A: 1, 12, 23, 34
load B: 11 and 12
load A: 2, 13, 24, 35
load B: 22 and 23
load A: 3, 14, 25, 36
load B: 33 and 34
load A: 4, 15, 26, 37
load B: 44 and 45
load A: 5, 16, 27, 38
load B: 55 and 56
load A: 6, 17, 28, 39
load B: 66 and 67
load A: 7, 18, 29, 40
load B: 77 and 78
load A: 8, 19, 30, 41
load B: 88 and 89
load A: 9, 20, 31, 42
load B: 99 and 100
C 3135 3180 8580 8735 14025 14290 19470 19845 
step
3135 3180 0 0 0 0 0 0 0 0 0 
8580 8735 0 0 0 0 0 0 0 0 0 
14025 14290 0 0 0 0 0 0 0 0 0 
19470 19845 0 0 0 0 0 0 0 0 0 
0 0 0 0 0 0 0 0 0 0 0 
0 0 0 0 0 0 0 0 0 0 0 
0 0 0 0 0 0 0 0 0 0 0 
0 0 0 0 0 0 0 0 0 0 0 
0 0 0 0 0 0 0 0 0 0 0 
0 0 0 0 0 0 0 0 0 0 0 
0 0 0 0 0 0 0 0 0 0 0 

new i:4
Copy C. From (4,0) to (7,1)
load A: 44, 55, 66, 77
load B: 0 and 1
load A: 45, 56, 67, 78
load B: 11 and 12
load A: 46, 57, 68, 79
load B: 22 and 23
load A: 47, 58, 69, 80
load B: 33 and 34
load A: 48, 59, 70, 81
load B: 44 and 45
load A: 49, 60, 71, 82
load B: 55 and 56
load A: 50, 61, 72, 83
load B: 66 and 67
load A: 51, 62, 73, 84
load B: 77 and 78
load A: 52, 63, 74, 85
load B: 88 and 89
load A: 53, 64, 75, 86
load B: 99 and 100
C 24915 25400 30360 30955 35805 36510 41250 42065 
step
3135 3180 0 0 0 0 0 0 0 0 0 
8580 8735 0 0 0 0 0 0 0 0 0 
14025 14290 0 0 0 0 0 0 0 0 0 
19470 19845 0 0 0 0 0 0 0 0 0 
24915 25400 0 0 0 0 0 0 0 0 0 
30360 30955 0 0 0 0 0 0 0 0 0 
35805 36510 0 0 0 0 0 0 0 0 0 
41250 42065 0 0 0 0 0 0 0 0 0 
0 0 0 0 0 0 0 0 0 0 0 
0 0 0 0 0 0 0 0 0 0 0 
0 0 0 0 0 0 0 0 0 0 0 

new j:2
new i:0
Copy C. From (0,2) to (3,3)
load A: 0, 11, 22, 33
load B: 2 and 3
load A: 1, 12, 23, 34
load B: 13 and 14
load A: 2, 13, 24, 35
load B: 24 and 25
load A: 3, 14, 25, 36
load B: 35 and 36
load A: 4, 15, 26, 37
load B: 46 and 47
load A: 5, 16, 27, 38
load B: 57 and 58
load A: 6, 17, 28, 39
load B: 68 and 69
load A: 7, 18, 29, 40
load B: 79 and 80
load A: 8, 19, 30, 41
load B: 90 and 91
load A: 9, 20, 31, 42
load B: 101 and 102
C 3225 3270 8890 9045 14555 14820 20220 20595 
step
3135 3180 3225 3270 0 0 0 0 0 0 0 
8580 8735 8890 9045 0 0 0 0 0 0 0 
14025 14290 14555 14820 0 0 0 0 0 0 0 
19470 19845 20220 20595 0 0 0 0 0 0 0 
24915 25400 0 0 0 0 0 0 0 0 0 
30360 30955 0 0 0 0 0 0 0 0 0 
35805 36510 0 0 0 0 0 0 0 0 0 
41250 42065 0 0 0 0 0 0 0 0 0 
46695 47620 0 0 0 0 0 0 0 0 0 
52140 53175 0 0 0 0 0 0 0 0 0 
0 0 0 0 0 0 0 0 0 0 0 

new i:4
Copy C. From (4,2) to (7,3)
load A: 44, 55, 66, 77
load B: 2 and 3
load A: 45, 56, 67, 78
load B: 13 and 14
load A: 46, 57, 68, 79
load B: 24 and 25
load A: 47, 58, 69, 80
load B: 35 and 36
load A: 48, 59, 70, 81
load B: 46 and 47
load A: 49, 60, 71, 82
load B: 57 and 58
load A: 50, 61, 72, 83
load B: 68 and 69
load A: 51, 62, 73, 84
load B: 79 and 80
load A: 52, 63, 74, 85
load B: 90 and 91
load A: 53, 64, 75, 86
load B: 101 and 102
C 25885 26370 31550 32145 37215 37920 42880 43695 
step
3135 3180 3225 3270 0 0 0 0 0 0 0 
8580 8735 8890 9045 0 0 0 0 0 0 0 
14025 14290 14555 14820 0 0 0 0 0 0 0 
19470 19845 20220 20595 0 0 0 0 0 0 0 
24915 25400 25885 26370 0 0 0 0 0 0 0 
30360 30955 31550 32145 0 0 0 0 0 0 0 
35805 36510 37215 37920 0 0 0 0 0 0 0 
41250 42065 42880 43695 0 0 0 0 0 0 0 
46695 47620 0 0 0 0 0 0 0 0 0 
52140 53175 0 0 0 0 0 0 0 0 0 
0 0 0 0 0 0 0 0 0 0 0 

new j:4
new i:0
Copy C. From (0,4) to (3,5)
load A: 0, 11, 22, 33
load B: 4 and 5
load A: 1, 12, 23, 34
load B: 15 and 16
load A: 2, 13, 24, 35
load B: 26 and 27
load A: 3, 14, 25, 36
load B: 37 and 38
load A: 4, 15, 26, 37
load B: 48 and 49
load A: 5, 16, 27, 38
load B: 59 and 60
load A: 6, 17, 28, 39
load B: 70 and 71
load A: 7, 18, 29, 40
load B: 81 and 82
load A: 8, 19, 30, 41
load B: 92 and 93
load A: 9, 20, 31, 42
load B: 103 and 104
C 3315 3360 9200 9355 15085 15350 20970 21345 
step
3135 3180 3225 3270 3315 3360 0 0 0 0 0 
8580 8735 8890 9045 9200 9355 0 0 0 0 0 
14025 14290 14555 14820 15085 15350 0 0 0 0 0 
19470 19845 20220 20595 20970 21345 0 0 0 0 0 
24915 25400 25885 26370 0 0 0 0 0 0 0 
30360 30955 31550 32145 0 0 0 0 0 0 0 
35805 36510 37215 37920 0 0 0 0 0 0 0 
41250 42065 42880 43695 0 0 0 0 0 0 0 
46695 47620 48545 49470 0 0 0 0 0 0 0 
52140 53175 54210 55245 0 0 0 0 0 0 0 
0 0 0 0 0 0 0 0 0 0 0 

new i:4
Copy C. From (4,4) to (7,5)
load A: 44, 55, 66, 77
load B: 4 and 5
load A: 45, 56, 67, 78
load B: 15 and 16
load A: 46, 57, 68, 79
load B: 26 and 27
load A: 47, 58, 69, 80
load B: 37 and 38
load A: 48, 59, 70, 81
load B: 48 and 49
load A: 49, 60, 71, 82
load B: 59 and 60
load A: 50, 61, 72, 83
load B: 70 and 71
load A: 51, 62, 73, 84
load B: 81 and 82
load A: 52, 63, 74, 85
load B: 92 and 93
load A: 53, 64, 75, 86
load B: 103 and 104
C 26855 27340 32740 33335 38625 39330 44510 45325 
step
3135 3180 3225 3270 3315 3360 0 0 0 0 0 
8580 8735 8890 9045 9200 9355 0 0 0 0 0 
14025 14290 14555 14820 15085 15350 0 0 0 0 0 
19470 19845 20220 20595 20970 21345 0 0 0 0 0 
24915 25400 25885 26370 26855 27340 0 0 0 0 0 
30360 30955 31550 32145 32740 33335 0 0 0 0 0 
35805 36510 37215 37920 38625 39330 0 0 0 0 0 
41250 42065 42880 43695 44510 45325 0 0 0 0 0 
46695 47620 48545 49470 0 0 0 0 0 0 0 
52140 53175 54210 55245 0 0 0 0 0 0 0 
0 0 0 0 0 0 0 0 0 0 0 

new j:6
new i:0
Copy C. From (0,6) to (3,7)
load A: 0, 11, 22, 33
load B: 6 and 7
load A: 1, 12, 23, 34
load B: 17 and 18
load A: 2, 13, 24, 35
load B: 28 and 29
load A: 3, 14, 25, 36
load B: 39 and 40
load A: 4, 15, 26, 37
load B: 50 and 51
load A: 5, 16, 27, 38
load B: 61 and 62
load A: 6, 17, 28, 39
load B: 72 and 73
load A: 7, 18, 29, 40
load B: 83 and 84
load A: 8, 19, 30, 41
load B: 94 and 95
load A: 9, 20, 31, 42
load B: 105 and 106
C 3405 3450 9510 9665 15615 15880 21720 22095 
step
3135 3180 3225 3270 3315 3360 3405 3450 0 0 0 
8580 8735 8890 9045 9200 9355 9510 9665 0 0 0 
14025 14290 14555 14820 15085 15350 15615 15880 0 0 0 
19470 19845 20220 20595 20970 21345 21720 22095 0 0 0 
24915 25400 25885 26370 26855 27340 0 0 0 0 0 
30360 30955 31550 32145 32740 33335 0 0 0 0 0 
35805 36510 37215 37920 38625 39330 0 0 0 0 0 
41250 42065 42880 43695 44510 45325 0 0 0 0 0 
46695 47620 48545 49470 50395 51320 0 0 0 0 0 
52140 53175 54210 55245 56280 57315 0 0 0 0 0 
0 0 0 0 0 0 0 0 0 0 0 

new i:4
Copy C. From (4,6) to (7,7)
load A: 44, 55, 66, 77
load B: 6 and 7
load A: 45, 56, 67, 78
load B: 17 and 18
load A: 46, 57, 68, 79
load B: 28 and 29
load A: 47, 58, 69, 80
load B: 39 and 40
load A: 48, 59, 70, 81
load B: 50 and 51
load A: 49, 60, 71, 82
load B: 61 and 62
load A: 50, 61, 72, 83
load B: 72 and 73
load A: 51, 62, 73, 84
load B: 83 and 84
load A: 52, 63, 74, 85
load B: 94 and 95
load A: 53, 64, 75, 86
load B: 105 and 106
C 27825 28310 33930 34525 40035 40740 46140 46955 
step
3135 3180 3225 3270 3315 3360 3405 3450 0 0 0 
8580 8735 8890 9045 9200 9355 9510 9665 0 0 0 
14025 14290 14555 14820 15085 15350 15615 15880 0 0 0 
19470 19845 20220 20595 20970 21345 21720 22095 0 0 0 
24915 25400 25885 26370 26855 27340 27825 28310 0 0 0 
30360 30955 31550 32145 32740 33335 33930 34525 0 0 0 
35805 36510 37215 37920 38625 39330 40035 40740 0 0 0 
41250 42065 42880 43695 44510 45325 46140 46955 0 0 0 
46695 47620 48545 49470 50395 51320 0 0 0 0 0 
52140 53175 54210 55245 56280 57315 0 0 0 0 0 
0 0 0 0 0 0 0 0 0 0 0 

new j:8
new i:0
Copy C. From (0,8) to (3,9)
load A: 0, 11, 22, 33
load B: 8 and 9
load A: 1, 12, 23, 34
load B: 19 and 20
load A: 2, 13, 24, 35
load B: 30 and 31
load A: 3, 14, 25, 36
load B: 41 and 42
load A: 4, 15, 26, 37
load B: 52 and 53
load A: 5, 16, 27, 38
load B: 63 and 64
load A: 6, 17, 28, 39
load B: 74 and 75
load A: 7, 18, 29, 40
load B: 85 and 86
load A: 8, 19, 30, 41
load B: 96 and 97
load A: 9, 20, 31, 42
load B: 107 and 108
C 3495 3540 9820 9975 16145 16410 22470 22845 
step
3135 3180 3225 3270 3315 3360 3405 3450 3495 3540 0 
8580 8735 8890 9045 9200 9355 9510 9665 9820 9975 0 
14025 14290 14555 14820 15085 15350 15615 15880 16145 16410 0 
19470 19845 20220 20595 20970 21345 21720 22095 22470 22845 0 
24915 25400 25885 26370 26855 27340 27825 28310 0 0 0 
30360 30955 31550 32145 32740 33335 33930 34525 0 0 0 
35805 36510 37215 37920 38625 39330 40035 40740 0 0 0 
41250 42065 42880 43695 44510 45325 46140 46955 0 0 0 
46695 47620 48545 49470 50395 51320 52245 53170 0 0 0 
52140 53175 54210 55245 56280 57315 58350 59385 0 0 0 
0 0 0 0 0 0 0 0 0 0 0 

new i:4
Copy C. From (4,8) to (7,9)
load A: 44, 55, 66, 77
load B: 8 and 9
load A: 45, 56, 67, 78
load B: 19 and 20
load A: 46, 57, 68, 79
load B: 30 and 31
load A: 47, 58, 69, 80
load B: 41 and 42
load A: 48, 59, 70, 81
load B: 52 and 53
load A: 49, 60, 71, 82
load B: 63 and 64
load A: 50, 61, 72, 83
load B: 74 and 75
load A: 51, 62, 73, 84
load B: 85 and 86
load A: 52, 63, 74, 85
load B: 96 and 97
load A: 53, 64, 75, 86
load B: 107 and 108
C 28795 29280 35120 35715 41445 42150 47770 48585 
step
3135 3180 3225 3270 3315 3360 3405 3450 3495 3540 0 
8580 8735 8890 9045 9200 9355 9510 9665 9820 9975 0 
14025 14290 14555 14820 15085 15350 15615 15880 16145 16410 0 
19470 19845 20220 20595 20970 21345 21720 22095 22470 22845 0 
24915 25400 25885 26370 26855 27340 27825 28310 28795 29280 0 
30360 30955 31550 32145 32740 33335 33930 34525 35120 35715 0 
35805 36510 37215 37920 38625 39330 40035 40740 41445 42150 0 
41250 42065 42880 43695 44510 45325 46140 46955 47770 48585 0 
46695 47620 48545 49470 50395 51320 52245 53170 0 0 0 
52140 53175 54210 55245 56280 57315 58350 59385 0 0 0 
0 0 0 0 0 0 0 0 0 0 0 

new outer k:10
new j:0
new i:0
Copy C. From (0,0) to (3,1)
load A: 10, 21, 32, 43
load B: 110 and 111
C 4235 4290 10890 11066 17545 17842 24200 24618 
step
4235 4290 3225 3270 3315 3360 3405 3450 3495 3540 0 
10890 11066 8890 9045 9200 9355 9510 9665 9820 9975 0 
17545 17842 14555 14820 15085 15350 15615 15880 16145 16410 0 
24200 24618 20220 20595 20970 21345 21720 22095 22470 22845 0 
24915 25400 25885 26370 26855 27340 27825 28310 28795 29280 0 
30360 30955 31550 32145 32740 33335 33930 34525 35120 35715 0 
35805 36510 37215 37920 38625 39330 40035 40740 41445 42150 0 
41250 42065 42880 43695 44510 45325 46140 46955 47770 48585 0 
46695 47620 48545 49470 50395 51320 52245 53170 54095 55020 0 
52140 53175 54210 55245 56280 57315 58350 59385 60420 61455 0 
0 0 0 0 0 0 0 0 0 0 0 

new i:4
Copy C. From (4,0) to (7,1)
load A: 54, 65, 76, 87
load B: 110 and 111
C 30855 31394 37510 38170 44165 44946 50820 51722 
step
4235 4290 3225 3270 3315 3360 3405 3450 3495 3540 0 
10890 11066 8890 9045 9200 9355 9510 9665 9820 9975 0 
17545 17842 14555 14820 15085 15350 15615 15880 16145 16410 0 
24200 24618 20220 20595 20970 21345 21720 22095 22470 22845 0 
30855 31394 25885 26370 26855 27340 27825 28310 28795 29280 0 
37510 38170 31550 32145 32740 33335 33930 34525 35120 35715 0 
44165 44946 37215 37920 38625 39330 40035 40740 41445 42150 0 
50820 51722 42880 43695 44510 45325 46140 46955 47770 48585 0 
46695 47620 48545 49470 50395 51320 52245 53170 54095 55020 0 
52140 53175 54210 55245 56280 57315 58350 59385 60420 61455 0 
0 0 0 0 0 0 0 0 0 0 0 

new j:2
new i:0
Copy C. From (0,2) to (3,3)
load A: 10, 21, 32, 43
load B: 112 and 113
C 4345 4400 11242 11418 18139 18436 25036 25454 
step
4235 4290 4345 4400 3315 3360 3405 3450 3495 3540 0 
10890 11066 11242 11418 9200 9355 9510 9665 9820 9975 0 
17545 17842 18139 18436 15085 15350 15615 15880 16145 16410 0 
24200 24618 25036 25454 20970 21345 21720 22095 22470 22845 0 
30855 31394 25885 26370 26855 27340 27825 28310 28795 29280 0 
37510 38170 31550 32145 32740 33335 33930 34525 35120 35715 0 
44165 44946 37215 37920 38625 39330 40035 40740 41445 42150 0 
50820 51722 42880 43695 44510 45325 46140 46955 47770 48585 0 
57475 58498 48545 49470 50395 51320 52245 53170 54095 55020 0 
64130 65274 54210 55245 56280 57315 58350 59385 60420 61455 0 
0 0 0 0 0 0 0 0 0 0 0 

new i:4
Copy C. From (4,2) to (7,3)
load A: 54, 65, 76, 87
load B: 112 and 113
C 31933 32472 38830 39490 45727 46508 52624 53526 
step
4235 4290 4345 4400 3315 3360 3405 3450 3495 3540 0 
10890 11066 11242 11418 9200 9355 9510 9665 9820 9975 0 
17545 17842 18139 18436 15085 15350 15615 15880 16145 16410 0 
24200 24618 25036 25454 20970 21345 21720 22095 22470 22845 0 
30855 31394 31933 32472 26855 27340 27825 28310 28795 29280 0 
37510 38170 38830 39490 32740 33335 33930 34525 35120 35715 0 
44165 44946 45727 46508 38625 39330 40035 40740 41445 42150 0 
50820 51722 52624 53526 44510 45325 46140 46955 47770 48585 0 
57475 58498 48545 49470 50395 51320 52245 53170 54095 55020 0 
64130 65274 54210 55245 56280 57315 58350 59385 60420 61455 0 
0 0 0 0 0 0 0 0 0 0 0 

new j:4
new i:0
Copy C. From (0,4) to (3,5)
load A: 10, 21, 32, 43
load B: 114 and 115
C 4455 4510 11594 11770 18733 19030 25872 26290 
step
4235 4290 4345 4400 4455 4510 3405 3450 3495 3540 0 
10890 11066 11242 11418 11594 11770 9510 9665 9820 9975 0 
17545 17842 18139 18436 18733 19030 15615 15880 16145 16410 0 
24200 24618 25036 25454 25872 26290 21720 22095 22470 22845 0 
30855 31394 31933 32472 26855 27340 27825 28310 28795 29280 0 
37510 38170 38830 39490 32740 33335 33930 34525 35120 35715 0 
44165 44946 45727 46508 38625 39330 40035 40740 41445 42150 0 
50820 51722 52624 53526 44510 45325 46140 46955 47770 48585 0 
57475 58498 59521 60544 50395 51320 52245 53170 54095 55020 0 
64130 65274 66418 67562 56280 57315 58350 59385 60420 61455 0 
0 0 0 0 0 0 0 0 0 0 0 

new i:4
Copy C. From (4,4) to (7,5)
load A: 54, 65, 76, 87
load B: 114 and 115
C 33011 33550 40150 40810 47289 48070 54428 55330 
step
4235 4290 4345 4400 4455 4510 3405 3450 3495 3540 0 
10890 11066 11242 11418 11594 11770 9510 9665 9820 9975 0 
17545 17842 18139 18436 18733 19030 15615 15880 16145 16410 0 
24200 24618 25036 25454 25872 26290 21720 22095 22470 22845 0 
30855 31394 31933 32472 33011 33550 27825 28310 28795 29280 0 
37510 38170 38830 39490 40150 40810 33930 34525 35120 35715 0 
44165 44946 45727 46508 47289 48070 40035 40740 41445 42150 0 
50820 51722 52624 53526 54428 55330 46140 46955 47770 48585 0 
57475 58498 59521 60544 50395 51320 52245 53170 54095 55020 0 
64130 65274 66418 67562 56280 57315 58350 59385 60420 61455 0 
0 0 0 0 0 0 0 0 0 0 0 

new j:6
new i:0
Copy C. From (0,6) to (3,7)
load A: 10, 21, 32, 43
load B: 116 and 117
C 4565 4620 11946 12122 19327 19624 26708 27126 
step
4235 4290 4345 4400 4455 4510 4565 4620 3495 3540 0 
10890 11066 11242 11418 11594 11770 11946 12122 9820 9975 0 
17545 17842 18139 18436 18733 19030 19327 19624 16145 16410 0 
24200 24618 25036 25454 25872 26290 26708 27126 22470 22845 0 
30855 31394 31933 32472 33011 33550 27825 28310 28795 29280 0 
37510 38170 38830 39490 40150 40810 33930 34525 35120 35715 0 
44165 44946 45727 46508 47289 48070 40035 40740 41445 42150 0 
50820 51722 52624 53526 54428 55330 46140 46955 47770 48585 0 
57475 58498 59521 60544 61567 62590 52245 53170 54095 55020 0 
64130 65274 66418 67562 68706 69850 58350 59385 60420 61455 0 
0 0 0 0 0 0 0 0 0 0 0 

new i:4
Copy C. From (4,6) to (7,7)
load A: 54, 65, 76, 87
load B: 116 and 117
C 34089 34628 41470 42130 48851 49632 56232 57134 
step
4235 4290 4345 4400 4455 4510 4565 4620 3495 3540 0 
10890 11066 11242 11418 11594 11770 11946 12122 9820 9975 0 
17545 17842 18139 18436 18733 19030 19327 19624 16145 16410 0 
24200 24618 25036 25454 25872 26290 26708 27126 22470 22845 0 
30855 31394 31933 32472 33011 33550 34089 34628 28795 29280 0 
37510 38170 38830 39490 40150 40810 41470 42130 35120 35715 0 
44165 44946 45727 46508 47289 48070 48851 49632 41445 42150 0 
50820 51722 52624 53526 54428 55330 56232 57134 47770 48585 0 
57475 58498 59521 60544 61567 62590 52245 53170 54095 55020 0 
64130 65274 66418 67562 68706 69850 58350 59385 60420 61455 0 
0 0 0 0 0 0 0 0 0 0 0 

new j:8
new i:0
Copy C. From (0,8) to (3,9)
load A: 10, 21, 32, 43
load B: 118 and 119
C 4675 4730 12298 12474 19921 20218 27544 27962 
step
4235 4290 4345 4400 4455 4510 4565 4620 4675 4730 0 
10890 11066 11242 11418 11594 11770 11946 12122 12298 12474 0 
17545 17842 18139 18436 18733 19030 19327 19624 19921 20218 0 
24200 24618 25036 25454 25872 26290 26708 27126 27544 27962 0 
30855 31394 31933 32472 33011 33550 34089 34628 28795 29280 0 
37510 38170 38830 39490 40150 40810 41470 42130 35120 35715 0 
44165 44946 45727 46508 47289 48070 48851 49632 41445 42150 0 
50820 51722 52624 53526 54428 55330 56232 57134 47770 48585 0 
57475 58498 59521 60544 61567 62590 63613 64636 54095 55020 0 
64130 65274 66418 67562 68706 69850 70994 72138 60420 61455 0 
0 0 0 0 0 0 0 0 0 0 0 

new i:4
Copy C. From (4,8) to (7,9)
load A: 54, 65, 76, 87
load B: 118 and 119
C 35167 35706 42790 43450 50413 51194 58036 58938 
step
4235 4290 4345 4400 4455 4510 4565 4620 4675 4730 0 
10890 11066 11242 11418 11594 11770 11946 12122 12298 12474 0 
17545 17842 18139 18436 18733 19030 19327 19624 19921 20218 0 
24200 24618 25036 25454 25872 26290 26708 27126 27544 27962 0 
30855 31394 31933 32472 33011 33550 34089 34628 35167 35706 0 
37510 38170 38830 39490 40150 40810 41470 42130 42790 43450 0 
44165 44946 45727 46508 47289 48070 48851 49632 50413 51194 0 
50820 51722 52624 53526 54428 55330 56232 57134 58036 58938 0 
57475 58498 59521 60544 61567 62590 63613 64636 54095 55020 0 
64130 65274 66418 67562 68706 69850 70994 72138 60420 61455 0 
0 0 0 0 0 0 0 0 0 0 0 

new outer i:10
new outer k:0
new j:0
new j:2
new j:4
new j:6
new j:8
new outer k:10
new j:0
new j:2
new j:4
new j:6
new j:8
new outer j:10
NU: 2 NB: 10 n: 2 m_size: 10 inner_n: 5
B
10 11 21 22 32 33 43 44 54 55 65 66 76 77 87 88 98 99 109 110 12 13 23 24 34 35 45 46 56 57 67 68 78 79 89 90 100 101 111 112 14 15 25 26 36 37 47 48 58 59 69 70 80 81 91 92 102 103 113 114 16 17 27 28 38 39 49 50 60 61 71 72 82 83 93 94 104 105 115 116 18 19 29 30 40 41 51 52 62 63 73 74 84 85 95 96 106 107 117 118 
120 0 4730 0 12474 0 20218 0 27962 0 35706 0 43450 0 51194 0 58938 0 66682 0 4235 4290 10890 11066 17545 17842 24200 24618 30855 31394 37510 38170 44165 44946 50820 51722 57475 58498 64130 65274 4345 4400 11242 11418 18139 18436 25036 25454 31933 32472 38830 39490 45727 46508 52624 53526 59521 60544 66418 67562 4455 4510 11594 11770 18733 19030 25872 26290 33011 33550 40150 40810 47289 48070 54428 55330 61567 62590 68706 69850 4565 4620 11946 12122 19327 19624 26708 27126 34089 34628 41470 42130 48851 49632 56232 57134 63613 64636 70994 72138 
new outer i:0
new outer k:0
new outer k:10
new outer i:10
new outer k:0
new outer k:10
Size: 11
Time: 0.00
GFLOPS: 0.00

Debug-------
NB: 10
NU: 2
MU: 4

A
0 1 2 3 4 5 6 7 8 9 10 
11 12 13 14 15 16 17 18 19 20 21 
22 23 24 25 26 27 28 29 30 31 32 
33 34 35 36 37 38 39 40 41 42 43 
44 45 46 47 48 49 50 51 52 53 54 
55 56 57 58 59 60 61 62 63 64 65 
66 67 68 69 70 71 72 73 74 75 76 
77 78 79 80 81 82 83 84 85 86 87 
88 89 90 91 92 93 94 95 96 97 98 
99 100 101 102 103 104 105 106 107 108 109 
110 111 112 113 114 115 116 117 118 119 120 

B
0 1 2 3 4 5 6 7 8 9 10 
11 12 13 14 15 16 17 18 19 20 21 
22 23 24 25 26 27 28 29 30 31 32 
33 34 35 36 37 38 39 40 41 42 43 
44 45 46 47 48 49 50 51 52 53 54 
55 56 57 58 59 60 61 62 63 64 65 
66 67 68 69 70 71 72 73 74 75 76 
77 78 79 80 81 82 83 84 85 86 87 
88 89 90 91 92 93 94 95 96 97 98 
99 100 101 102 103 104 105 106 107 108 109 
110 111 112 113 114 115 116 117 118 119 120 

C
4235 4290 4345 4400 4455 4510 4565 4620 4675 4730 4785 
10890 11066 11242 11418 11594 11770 11946 12122 12298 12474 12650 
17545 17842 18139 18436 18733 19030 19327 19624 19921 20218 20515 
24200 24618 25036 25454 25872 26290 26708 27126 27544 27962 28380 
30855 31394 31933 32472 33011 33550 34089 34628 35167 35706 36245 
37510 38170 38830 39490 40150 40810 41470 42130 42790 43450 44110 
44165 44946 45727 46508 47289 48070 48851 49632 50413 51194 51975 
50820 51722 52624 53526 54428 55330 56232 57134 58036 58938 59840 
57475 58498 59521 60544 61567 62590 63613 64636 65659 66682 67705 
64130 65274 66418 67562 68706 69850 70994 72138 73282 74426 75570 
70785 72050 73315 74580 75845 77110 78375 79640 80905 82170 83435 

-------End Debug
