Copy B: 0 to 0
new outer i: 0
Copy A
0 9 18 27 
1 10 19 28 
2 11 20 29 
3 12 21 30 
4 13 22 31 
5 14 23 32 
6 15 24 33 
7 16 25 34 
36 45 54 63 
37 46 55 64 
38 47 56 65 
39 48 57 66 
40 49 58 67 
41 50 59 68 
42 51 60 69 
43 52 61 70 
8 17 26 35 
9 18 27 36 
10 19 28 37 
11 20 29 38 
12 21 30 39 
13 22 31 40 
14 23 32 41 
15 24 33 42 
44 53 62 71 
45 54 63 72 
46 55 64 73 
47 56 65 74 
48 57 66 75 
49 58 67 76 
50 59 68 77 
51 60 69 78 
Copy C
new outer i: 8
Copy A
72 0 8 17 
73 0 9 18 
74 1 10 19 
75 2 11 20 
76 3 12 21 
77 4 13 22 
78 5 14 23 
79 6 15 24 
26 35 44 53 
27 36 45 54 
28 37 46 55 
29 38 47 56 
30 39 48 57 
31 40 49 58 
32 41 50 59 
33 42 51 60 
80 7 16 25 
0 8 17 26 
0 9 18 27 
1 10 19 28 
2 11 20 29 
3 12 21 30 
4 13 22 31 
5 14 23 32 
34 43 52 61 
35 44 53 62 
36 45 54 63 
37 46 55 64 
38 47 56 65 
39 48 57 66 
40 49 58 67 
41 50 59 68 
Copy C
Copy B: 8 to 0
new outer i: 0
Copy A
0 9 18 27 
1 10 19 28 
2 11 20 29 
3 12 21 30 
4 13 22 31 
5 14 23 32 
6 15 24 33 
7 16 25 34 
36 45 54 63 
37 46 55 64 
38 47 56 65 
39 48 57 66 
40 49 58 67 
41 50 59 68 
42 51 60 69 
43 52 61 70 
8 17 26 35 
9 18 27 36 
10 19 28 37 
11 20 29 38 
12 21 30 39 
13 22 31 40 
14 23 32 41 
15 24 33 42 
44 53 62 71 
45 54 63 72 
46 55 64 73 
47 56 65 74 
48 57 66 75 
49 58 67 76 
50 59 68 77 
51 60 69 78 
Copy C
new outer i: 8
Copy A
72 0 8 17 
73 0 9 18 
74 1 10 19 
75 2 11 20 
76 3 12 21 
77 4 13 22 
78 5 14 23 
79 6 15 24 
26 35 44 53 
27 36 45 54 
28 37 46 55 
29 38 47 56 
30 39 48 57 
31 40 49 58 
32 41 50 59 
33 42 51 60 
80 7 16 25 
0 8 17 26 
0 9 18 27 
1 10 19 28 
2 11 20 29 
3 12 21 30 
4 13 22 31 
5 14 23 32 
34 43 52 61 
35 44 53 62 
36 45 54 63 
37 46 55 64 
38 47 56 65 
39 48 57 66 
40 49 58 67 
41 50 59 68 
Copy C
Size: 9
Time: 0.00
GFLOPS: 0.00

Debug-------
NB: 8
NU: 2
MU: 4

A
0 1 2 3 4 5 6 7 8 
9 10 11 12 13 14 15 16 17 
18 19 20 21 22 23 24 25 26 
27 28 29 30 31 32 33 34 35 
36 37 38 39 40 41 42 43 44 
45 46 47 48 49 50 51 52 53 
54 55 56 57 58 59 60 61 62 
63 64 65 66 67 68 69 70 71 
72 73 74 75 76 77 78 79 80 

B
0 1 2 3 4 5 6 7 8 
9 10 11 12 13 14 15 16 17 
18 19 20 21 22 23 24 25 26 
27 28 29 30 31 32 33 34 35 
36 37 38 39 40 41 42 43 44 
45 46 47 48 49 50 51 52 53 
54 55 56 57 58 59 60 61 62 
63 64 65 66 67 68 69 70 71 
72 73 74 75 76 77 78 79 80 

C
1836 1872 1908 1944 1980 2016 2052 2088 2124 
4752 4869 4986 5103 5220 5337 5454 5571 5688 
7668 7866 8064 8262 8460 8658 8856 9054 9252 
10584 10863 11142 11421 11700 11979 12258 12537 12816 
13500 13860 14220 14580 14940 15300 15660 16020 16380 
16416 16857 17298 17739 18180 18621 19062 19503 19944 
19332 19854 20376 20898 21420 21942 22464 22986 23508 
22248 22851 23454 24057 24660 25263 25866 26469 27072 
25164 25848 26532 27216 27900 28584 29268 29952 30636 

-------End Debug
